     1      0.000E+00      0.000E+00      0.000E+00      0.000E+00      0.000E+00      0.548E-17
     1     -0.300E-04      0.100E-03     -0.300E-04     -0.339E-20      0.000E+00      0.969E-15
     1     -0.300E-04      0.100E-03     -0.300E-04     -0.165E-51      0.000E+00      0.548E-17
     2     -0.300E-04      0.100E-03     -0.300E-04     -0.165E-51      0.000E+00      0.548E-17
     2     -0.300E-04      0.100E-03     -0.300E-04     -0.169E-20      0.000E+00      0.548E-17
     3     -0.300E-04      0.100E-03     -0.300E-04     -0.169E-20      0.000E+00      0.969E-15
     3     -0.300E-04      0.100E-03     -0.300E-04      0.169E-20      0.000E+00      0.548E-17
     4     -0.300E-04      0.100E-03     -0.300E-04      0.169E-20      0.000E+00      0.548E-17
     4     -0.300E-04      0.100E-03     -0.300E-04      0.339E-20      0.000E+00      0.548E-17
     5     -0.300E-04      0.100E-03     -0.300E-04      0.339E-20      0.000E+00      0.548E-17
     5     -0.300E-04      0.100E-03     -0.300E-04     -0.847E-20      0.000E+00      0.548E-17
     6     -0.300E-04      0.999E-04     -0.300E-04     -0.847E-20      0.000E+00      0.548E-17
     6     -0.300E-04      0.999E-04     -0.300E-04      0.423E-20      0.000E+00      0.548E-17
     7     -0.300E-04      0.999E-04     -0.300E-04      0.423E-20      0.000E+00      0.548E-17
     7     -0.300E-04      0.999E-04     -0.300E-04      0.254E-20      0.000E+00      0.548E-17
     8     -0.300E-04      0.999E-04     -0.300E-04      0.254E-20      0.000E+00      0.548E-17
     8     -0.300E-04      0.999E-04     -0.300E-04     -0.135E-19      0.000E+00      0.548E-17
     9     -0.300E-04      0.999E-04     -0.300E-04     -0.135E-19      0.000E+00      0.548E-17
     9     -0.300E-04      0.999E-04     -0.300E-04     -0.846E-20      0.000E+00      0.969E-15
    10     -0.300E-04      0.999E-04     -0.300E-04     -0.846E-20      0.000E+00      0.548E-17
    10     -0.300E-04      0.999E-04     -0.300E-04     -0.762E-20      0.000E+00      0.548E-17
    11     -0.300E-04      0.999E-04     -0.300E-04     -0.762E-20      0.000E+00      0.548E-17
    11     -0.300E-04      0.999E-04     -0.300E-04      0.102E-19      0.000E+00      0.548E-17
    12     -0.300E-04      0.999E-04     -0.300E-04      0.102E-19      0.000E+00      0.548E-17
    12     -0.412E-04      0.999E-04     -0.412E-04      0.406E-19      0.000E+00      0.969E-15
    13     -0.412E-04      0.999E-04     -0.412E-04      0.406E-19      0.000E+00      0.548E-17
    13     -0.498E-04      0.999E-04     -0.498E-04     -0.254E-19      0.000E+00      0.548E-17
    14     -0.498E-04      0.999E-04     -0.498E-04     -0.254E-19      0.000E+00      0.548E-17
    14     -0.498E-04      0.999E-04     -0.498E-04     -0.508E-20      0.000E+00      0.548E-17
    15     -0.498E-04      0.999E-04     -0.498E-04     -0.507E-20      0.000E+00      0.548E-17
    15     -0.498E-04      0.999E-04     -0.498E-04      0.507E-20      0.000E+00      0.548E-17
    16     -0.498E-04      0.998E-04     -0.498E-04      0.507E-20      0.000E+00      0.548E-17
    16     -0.498E-04      0.998E-04     -0.498E-04      0.152E-19      0.000E+00      0.969E-15
    17     -0.498E-04      0.998E-04     -0.498E-04      0.152E-19      0.000E+00      0.548E-17
    17     -0.498E-04      0.998E-04     -0.498E-04     -0.118E-19      0.000E+00      0.548E-17
    18     -0.498E-04      0.998E-04     -0.498E-04     -0.118E-19      0.000E+00      0.548E-17
    18     -0.498E-04      0.998E-04     -0.498E-04      0.101E-19      0.000E+00      0.548E-17
    19     -0.498E-04      0.998E-04     -0.498E-04      0.101E-19      0.000E+00      0.548E-17
    19     -0.498E-04      0.998E-04     -0.498E-04     -0.203E-19      0.000E+00      0.969E-15
    20     -0.498E-04      0.998E-04     -0.498E-04     -0.203E-19      0.000E+00      0.548E-17
    20     -0.498E-04      0.998E-04     -0.498E-04     -0.169E-20      0.000E+00      0.969E-15
    21     -0.498E-04      0.998E-04     -0.498E-04     -0.169E-20      0.000E+00      0.969E-15
    21     -0.498E-04      0.998E-04     -0.498E-04      0.152E-19      0.000E+00      0.548E-17
    22     -0.498E-04      0.998E-04     -0.498E-04      0.152E-19      0.000E+00      0.548E-17
    22     -0.498E-04      0.998E-04     -0.498E-04     -0.676E-20      0.000E+00      0.548E-17
    23     -0.498E-04      0.998E-04     -0.498E-04     -0.676E-20      0.000E+00      0.548E-17
    23     -0.498E-04      0.998E-04     -0.498E-04     -0.237E-19      0.000E+00      0.548E-17
    24     -0.498E-04      0.998E-04     -0.498E-04     -0.237E-19      0.000E+00      0.548E-17
    24     -0.498E-04      0.998E-04     -0.498E-04      0.169E-19      0.000E+00      0.548E-17
    25     -0.498E-04      0.998E-04     -0.498E-04      0.169E-19      0.000E+00      0.548E-17
    25     -0.498E-04      0.998E-04     -0.498E-04      0.101E-19      0.000E+00      0.548E-17
    26     -0.498E-04      0.997E-04     -0.498E-04      0.101E-19      0.000E+00      0.548E-17
    26     -0.498E-04      0.997E-04     -0.498E-04     -0.101E-19      0.000E+00      0.548E-17
    27     -0.498E-04      0.997E-04     -0.498E-04     -0.101E-19      0.000E+00      0.548E-17
    27     -0.498E-04      0.997E-04     -0.498E-04      0.253E-19      0.000E+00      0.548E-17
    28     -0.498E-04      0.997E-04     -0.498E-04      0.253E-19      0.000E+00      0.548E-17
    28     -0.497E-04      0.997E-04     -0.497E-04     -0.270E-19      0.000E+00      0.548E-17
    29     -0.498E-04      0.997E-04     -0.498E-04     -0.270E-19      0.000E+00      0.548E-17
    29     -0.497E-04      0.997E-04     -0.497E-04      0.304E-19      0.000E+00      0.548E-17
    30     -0.497E-04      0.997E-04     -0.497E-04      0.304E-19      0.000E+00      0.548E-17
    30     -0.497E-04      0.997E-04     -0.497E-04      0.113E-49      0.000E+00      0.548E-17
    31     -0.497E-04      0.997E-04     -0.497E-04      0.113E-49      0.000E+00      0.548E-17
    31     -0.497E-04      0.997E-04     -0.497E-04     -0.338E-20      0.000E+00      0.548E-17
    32     -0.497E-04      0.997E-04     -0.497E-04     -0.338E-20      0.000E+00      0.548E-17
    32     -0.497E-04      0.997E-04     -0.497E-04     -0.152E-19      0.000E+00      0.548E-17
    33     -0.497E-04      0.997E-04     -0.497E-04     -0.152E-19      0.000E+00      0.548E-17
    33     -0.497E-04      0.997E-04     -0.497E-04      0.101E-19      0.000E+00      0.548E-17
    34     -0.497E-04      0.997E-04     -0.497E-04      0.101E-19      0.000E+00      0.548E-17
    34     -0.497E-04      0.997E-04     -0.497E-04     -0.135E-19      0.000E+00      0.548E-17
    35     -0.497E-04      0.997E-04     -0.497E-04     -0.135E-19      0.000E+00      0.548E-17
    35     -0.497E-04      0.997E-04     -0.497E-04      0.506E-20      0.000E+00      0.548E-17
    36     -0.497E-04      0.996E-04     -0.497E-04      0.506E-20      0.000E+00      0.548E-17
    36     -0.497E-04      0.996E-04     -0.497E-04     -0.236E-19      0.000E+00      0.548E-17
    37     -0.497E-04      0.996E-04     -0.497E-04     -0.236E-19      0.000E+00      0.548E-17
    37     -0.497E-04      0.996E-04     -0.497E-04      0.338E-20      0.000E+00      0.548E-17
    38     -0.497E-04      0.996E-04     -0.497E-04      0.338E-20      0.000E+00      0.548E-17
    38     -0.497E-04      0.996E-04     -0.497E-04     -0.219E-19      0.000E+00      0.548E-17
    39     -0.497E-04      0.996E-04     -0.497E-04     -0.219E-19      0.000E+00      0.548E-17
    39     -0.497E-04      0.996E-04     -0.497E-04      0.287E-19      0.000E+00      0.969E-15
    40     -0.497E-04      0.996E-04     -0.497E-04      0.287E-19      0.000E+00      0.548E-17
    40     -0.497E-04      0.996E-04     -0.497E-04     -0.844E-20      0.000E+00      0.969E-15
    41     -0.497E-04      0.996E-04     -0.497E-04     -0.844E-20      0.000E+00      0.548E-17
    41     -0.497E-04      0.996E-04     -0.497E-04      0.304E-19      0.000E+00      0.548E-17
    42     -0.497E-04      0.996E-04     -0.497E-04      0.304E-19      0.000E+00      0.548E-17
    42     -0.497E-04      0.996E-04     -0.497E-04      0.856E-50      0.000E+00      0.548E-17
    43     -0.497E-04      0.996E-04     -0.497E-04      0.856E-50      0.000E+00      0.548E-17
    43     -0.497E-04      0.996E-04     -0.497E-04     -0.135E-19      0.000E+00      0.548E-17
    44     -0.497E-04      0.996E-04     -0.497E-04     -0.135E-19      0.000E+00      0.548E-17
    44     -0.497E-04      0.996E-04     -0.497E-04     -0.219E-19      0.000E+00      0.548E-17
    45     -0.497E-04      0.996E-04     -0.497E-04     -0.219E-19      0.000E+00      0.548E-17
    45     -0.497E-04      0.996E-04     -0.497E-04      0.843E-20      0.000E+00      0.548E-17
    46     -0.497E-04      0.995E-04     -0.497E-04      0.843E-20      0.000E+00      0.548E-17
    46     -0.497E-04      0.995E-04     -0.497E-04      0.320E-19      0.000E+00      0.548E-17
    47     -0.497E-04      0.995E-04     -0.497E-04      0.320E-19      0.000E+00      0.548E-17
    47     -0.497E-04      0.995E-04     -0.497E-04     -0.506E-20      0.000E+00      0.548E-17
    48     -0.497E-04      0.995E-04     -0.497E-04     -0.506E-20      0.000E+00      0.548E-17
    48     -0.496E-04      0.995E-04     -0.496E-04      0.270E-19      0.000E+00      0.548E-17
    49     -0.497E-04      0.995E-04     -0.497E-04      0.270E-19      0.000E+00      0.548E-17
    49     -0.496E-04      0.995E-04     -0.496E-04      0.169E-20      0.000E+00      0.548E-17
    50     -0.496E-04      0.995E-04     -0.496E-04      0.169E-20      0.000E+00      0.548E-17
    50     -0.496E-04      0.995E-04     -0.496E-04     -0.371E-19      0.000E+00      0.548E-17
    51     -0.496E-04      0.995E-04     -0.496E-04     -0.371E-19      0.000E+00      0.548E-17
    51     -0.496E-04      0.995E-04     -0.496E-04     -0.898E-50      0.000E+00      0.548E-17
    52     -0.496E-04      0.995E-04     -0.496E-04     -0.898E-50      0.000E+00      0.548E-17
    52     -0.496E-04      0.995E-04     -0.496E-04     -0.674E-20      0.000E+00      0.548E-17
    53     -0.496E-04      0.995E-04     -0.496E-04     -0.674E-20      0.000E+00      0.548E-17
    53     -0.496E-04      0.995E-04     -0.496E-04     -0.674E-20      0.000E+00      0.548E-17
    54     -0.496E-04      0.995E-04     -0.496E-04     -0.674E-20      0.000E+00      0.548E-17
    54     -0.496E-04      0.995E-04     -0.496E-04      0.388E-19      0.000E+00      0.548E-17
    55     -0.496E-04      0.995E-04     -0.496E-04      0.388E-19      0.000E+00      0.548E-17
    55     -0.496E-04      0.995E-04     -0.496E-04     -0.219E-19      0.000E+00      0.548E-17
    56     -0.496E-04      0.994E-04     -0.496E-04     -0.219E-19      0.000E+00      0.548E-17
    56     -0.496E-04      0.994E-04     -0.496E-04      0.505E-20      0.000E+00      0.548E-17
    57     -0.496E-04      0.994E-04     -0.496E-04      0.505E-20      0.000E+00      0.548E-17
    57     -0.496E-04      0.994E-04     -0.496E-04     -0.505E-19      0.000E+00      0.548E-17
    58     -0.496E-04      0.994E-04     -0.496E-04     -0.505E-19      0.000E+00      0.548E-17
    58     -0.496E-04      0.994E-04     -0.496E-04      0.219E-19      0.000E+00      0.548E-17
    59     -0.496E-04      0.994E-04     -0.496E-04      0.219E-19      0.000E+00      0.548E-17
    59     -0.496E-04      0.994E-04     -0.496E-04      0.556E-19      0.000E+00      0.548E-17
    60     -0.496E-04      0.994E-04     -0.496E-04      0.556E-19      0.000E+00      0.548E-17
    60     -0.496E-04      0.994E-04     -0.496E-04     -0.455E-19      0.000E+00      0.548E-17
    61     -0.496E-04      0.994E-04     -0.496E-04     -0.455E-19      0.000E+00      0.548E-17
    61     -0.496E-04      0.994E-04     -0.496E-04     -0.168E-20      0.000E+00      0.548E-17
    62     -0.496E-04      0.994E-04     -0.496E-04     -0.168E-20      0.000E+00      0.548E-17
    62     -0.496E-04      0.994E-04     -0.496E-04      0.168E-20      0.000E+00      0.548E-17
    63     -0.496E-04      0.994E-04     -0.496E-04      0.168E-20      0.000E+00      0.548E-17
    63     -0.496E-04      0.994E-04     -0.496E-04     -0.337E-20      0.000E+00      0.548E-17
    64     -0.496E-04      0.994E-04     -0.496E-04     -0.337E-20      0.000E+00      0.548E-17
    64     -0.496E-04      0.994E-04     -0.496E-04     -0.219E-19      0.000E+00      0.548E-17
    65     -0.496E-04      0.994E-04     -0.496E-04     -0.219E-19      0.000E+00      0.548E-17
    65     -0.496E-04      0.994E-04     -0.496E-04      0.387E-19      0.000E+00      0.548E-17
    66     -0.496E-04      0.993E-04     -0.496E-04      0.387E-19      0.000E+00      0.548E-17
    66     -0.496E-04      0.993E-04     -0.496E-04     -0.202E-19      0.000E+00      0.548E-17
    67     -0.496E-04      0.993E-04     -0.496E-04     -0.202E-19      0.000E+00      0.548E-17
    67     -0.496E-04      0.993E-04     -0.496E-04      0.673E-20      0.000E+00      0.548E-17
    68     -0.496E-04      0.993E-04     -0.496E-04      0.673E-20      0.000E+00      0.548E-17
    68     -0.496E-04      0.993E-04     -0.496E-04      0.433E-50      0.000E+00      0.548E-17
    69     -0.496E-04      0.993E-04     -0.496E-04      0.433E-50      0.000E+00      0.548E-17
    69     -0.495E-04      0.993E-04     -0.495E-04      0.118E-19      0.000E+00      0.969E-15
    70     -0.495E-04      0.993E-04     -0.495E-04      0.118E-19      0.000E+00      0.548E-17
    70     -0.495E-04      0.993E-04     -0.495E-04     -0.841E-20      0.000E+00      0.969E-15
    71     -0.495E-04      0.993E-04     -0.495E-04     -0.841E-20      0.000E+00      0.548E-17
    71     -0.495E-04      0.993E-04     -0.495E-04      0.219E-19      0.000E+00      0.548E-17
    72     -0.495E-04      0.993E-04     -0.495E-04      0.219E-19      0.000E+00      0.548E-17
    72     -0.495E-04      0.993E-04     -0.495E-04     -0.151E-19      0.000E+00      0.548E-17
    73     -0.495E-04      0.993E-04     -0.495E-04     -0.151E-19      0.000E+00      0.548E-17
    73     -0.495E-04      0.993E-04     -0.495E-04      0.336E-20      0.000E+00      0.548E-17
    74     -0.495E-04      0.993E-04     -0.495E-04      0.336E-20      0.000E+00      0.548E-17
    74     -0.495E-04      0.993E-04     -0.495E-04      0.673E-20      0.000E+00      0.548E-17
    75     -0.495E-04      0.993E-04     -0.495E-04      0.673E-20      0.000E+00      0.548E-17
    75     -0.495E-04      0.993E-04     -0.495E-04     -0.387E-19      0.000E+00      0.548E-17
    76     -0.495E-04      0.993E-04     -0.495E-04     -0.387E-19      0.000E+00      0.548E-17
    76     -0.495E-04      0.993E-04     -0.495E-04      0.235E-19      0.000E+00      0.548E-17
    77     -0.495E-04      0.992E-04     -0.495E-04      0.235E-19      0.000E+00      0.548E-17
    77     -0.495E-04      0.992E-04     -0.495E-04      0.672E-20      0.000E+00      0.548E-17
    78     -0.495E-04      0.992E-04     -0.495E-04      0.672E-20      0.000E+00      0.548E-17
    78     -0.495E-04      0.992E-04     -0.495E-04     -0.504E-20      0.000E+00      0.548E-17
    79     -0.495E-04      0.992E-04     -0.495E-04     -0.504E-20      0.000E+00      0.548E-17
    79     -0.495E-04      0.992E-04     -0.495E-04     -0.168E-20      0.000E+00      0.548E-17
    80     -0.495E-04      0.992E-04     -0.495E-04     -0.168E-20      0.000E+00      0.548E-17
    80     -0.495E-04      0.992E-04     -0.495E-04      0.168E-20      0.000E+00      0.548E-17
    81     -0.495E-04      0.992E-04     -0.495E-04      0.168E-20      0.000E+00      0.548E-17
    81     -0.495E-04      0.992E-04     -0.495E-04      0.168E-20      0.000E+00      0.548E-17
    82     -0.495E-04      0.992E-04     -0.495E-04      0.168E-20      0.000E+00      0.548E-17
    82     -0.495E-04      0.992E-04     -0.495E-04     -0.504E-20      0.000E+00      0.548E-17
    83     -0.495E-04      0.992E-04     -0.495E-04     -0.504E-20      0.000E+00      0.548E-17
    83     -0.495E-04      0.992E-04     -0.495E-04      0.101E-19      0.000E+00      0.548E-17
    84     -0.495E-04      0.992E-04     -0.495E-04      0.101E-19      0.000E+00      0.548E-17
    84     -0.495E-04      0.992E-04     -0.495E-04      0.218E-19      0.000E+00      0.548E-17
    85     -0.495E-04      0.992E-04     -0.495E-04      0.218E-19      0.000E+00      0.548E-17
    85     -0.495E-04      0.992E-04     -0.495E-04     -0.302E-19      0.000E+00      0.548E-17
    86     -0.495E-04      0.992E-04     -0.495E-04     -0.302E-19      0.000E+00      0.548E-17
    86     -0.495E-04      0.992E-04     -0.495E-04      0.336E-20      0.000E+00      0.548E-17
    87     -0.495E-04      0.991E-04     -0.495E-04      0.336E-20      0.000E+00      0.548E-17
    87     -0.495E-04      0.991E-04     -0.495E-04      0.336E-20      0.000E+00      0.548E-17
    88     -0.495E-04      0.991E-04     -0.495E-04      0.336E-20      0.000E+00      0.548E-17
    88     -0.495E-04      0.991E-04     -0.495E-04      0.252E-19      0.000E+00      0.548E-17
    89     -0.495E-04      0.991E-04     -0.495E-04      0.252E-19      0.000E+00      0.548E-17
    89     -0.494E-04      0.991E-04     -0.494E-04     -0.537E-19      0.000E+00      0.548E-17
    90     -0.495E-04      0.991E-04     -0.495E-04     -0.537E-19      0.000E+00      0.548E-17
    90     -0.494E-04      0.991E-04     -0.494E-04      0.168E-19      0.000E+00      0.548E-17
    91     -0.494E-04      0.991E-04     -0.494E-04      0.168E-19      0.000E+00      0.548E-17
    91     -0.494E-04      0.991E-04     -0.494E-04      0.118E-19      0.000E+00      0.548E-17
    92     -0.494E-04      0.991E-04     -0.494E-04      0.118E-19      0.000E+00      0.969E-15
    92     -0.494E-04      0.991E-04     -0.494E-04      0.302E-19      0.000E+00      0.548E-17
    93     -0.494E-04      0.991E-04     -0.494E-04      0.302E-19      0.000E+00      0.548E-17
    93     -0.494E-04      0.991E-04     -0.494E-04     -0.403E-19      0.000E+00      0.548E-17
    94     -0.494E-04      0.991E-04     -0.494E-04     -0.403E-19      0.000E+00      0.548E-17
    94     -0.494E-04      0.991E-04     -0.494E-04      0.201E-19      0.000E+00      0.548E-17
    95     -0.494E-04      0.991E-04     -0.494E-04      0.201E-19      0.000E+00      0.548E-17
    95     -0.494E-04      0.991E-04     -0.494E-04     -0.134E-19      0.000E+00      0.548E-17
    96     -0.494E-04      0.991E-04     -0.494E-04     -0.134E-19      0.000E+00      0.969E-15
    96     -0.494E-04      0.991E-04     -0.494E-04     -0.117E-19      0.000E+00      0.548E-17
    97     -0.494E-04      0.990E-04     -0.494E-04     -0.117E-19      0.000E+00      0.548E-17
    97     -0.494E-04      0.990E-04     -0.494E-04      0.336E-19      0.000E+00      0.548E-17
    98     -0.494E-04      0.990E-04     -0.494E-04      0.336E-19      0.000E+00      0.548E-17
    98     -0.494E-04      0.990E-04     -0.494E-04     -0.302E-19      0.000E+00      0.548E-17
    99     -0.494E-04      0.990E-04     -0.494E-04     -0.302E-19      0.000E+00      0.548E-17
    99     -0.494E-04      0.990E-04     -0.494E-04      0.671E-20      0.000E+00      0.548E-17
   100     -0.494E-04      0.990E-04     -0.494E-04      0.839E-20      0.000E+00      0.548E-17
   100     -0.494E-04      0.990E-04     -0.494E-04     -0.839E-20      0.000E+00      0.548E-17
